255 255 255 255 255 255 255 255 255 255 255 255 255 255 255 255
255 255 255 255 255 255 255 255 255 255 255 255 255 255 255 255
255 255 255 255 255  90 241 161 202 232  90 255 255 255 255 255
255 255 255 255  91 255 161 255 251 202 255  91 255 255 255 255
255 255 255  91 255 170 255 251 255 255 208 255  91 255 255 255
255 255  90 255 170 255 246 255 255 255 255 170 255 255 255 255
255 255 235 161 255 246 255 255 255 255 246 255  92 255 255 255
255 255 161 255 251 255 255 255 255 255 255  90 255 255 255 255
255 255 202 251 255 255 255 255 255 255 255  90 255 255 255 255
255 255 226 202 255 255 255 255 255 255 255 255  90 255 255 255
255 255  90 255 208 255 246 255 255 255 255 208  90 255 255 255
255 255 255  91 255 170 255 251 255 255 208 255  91 255 255 255
255 255 255 255  91 255 161 255 251 202 255  91 255 255 255 255
255 255 255 255 255  90 241 161 202 232  90 255 255 255 255 255
255 255 255 255 255 255 255 255 255 255 255 255 255 255 255 255
255 255 255 255 255 255 255 255 255 255 255 255 255 255 255 255
254 254 254 254 254 254 254 254 254 254 254 254 254 254 254 254
254 254 254 254 254 254 254 254 254 254 254 254 254 254 254 254
254 254 254 254 254  64 238 145 193 228  64 254 254 254 254 254
254 254 254 254  65 254 145 254 249 193 254  65 254 254 254 254
254 254 254  65 254 156 254 249 254 254 200 254  65 254 254 254
254 254  64 254 156 254 243 254 254 254 254 156 254 254 254 254
254 254 231 145 254 243 254 254 254 254 243 254  66 254 254 254
254 254 145 254 249 254 254 254 254 254 254  64 254 254 254 254
254 254 193 249 254 254 254 254 254 254 254  64 254 254 254 254
254 254 221 193 254 254 254 254 254 254 254 254  64 254 254 254
254 254  64 254 200 254 243 254 254 254 254 200  64 254 254 254
254 254 254  65 254 156 254 249 254 254 200 254  65 254 254 254
254 254 254 254  65 254 145 254 249 193 254  65 254 254 254 254
254 254 254 254 254  64 238 145 193 228  64 254 254 254 254 254
254 254 254 254 254 254 254 254 254 254 254 254 254 254 254 254
254 254 254 254 254 254 254 254 254 254 254 254 254 254 254 254
252 252 252 252 252 252 252 252 252 252 252 252 252 252 252 252
252 252 252 252 252 252 252 252 252 252 252 252 252 252 252 252
252 252 252 252 252  45 237 140 193 227  45 252 252 252 252 252
252 252 252 252  47 252 140 252 247 193 252  47 252 252 252 252
252 252 252  47 252 152 252 247 252 252 199 252  47 252 252 252
252 252  45 252 152 252 242 252 252 252 252 152 252 252 252 252
252 252 231 140 252 242 252 252 252 252 242 252  48 252 252 252
252 252 140 252 247 252 252 252 252 252 252  45 252 252 252 252
252 252 193 247 252 252 252 252 252 252 252  45 252 252 252 252
252 252 221 193 252 252 252 252 252 252 252 252  45 252 252 252
252 252  45 252 199 252 242 252 252 252 252 199  45 252 252 252
252 252 252  47 252 152 252 247 252 252 199 252  47 252 252 252
252 252 252 252  47 252 140 252 247 193 252  47 252 252 252 252
252 252 252 252 252  45 237 140 193 227  45 252 252 252 252 252
252 252 252 252 252 252 252 252 252 252 252 252 252 252 252 252
252 252 252 252 252 252 252 252 252 252 252 252 252 252 252 252

255 255 255 255 255 255 255 255 255 255 255 255 255 255 255 255
255 255 255 254 249 249 253 255 255 254 253 252 254 255 255 255
255 255 254 239 214 206 231 250 248 229 217 219 241 255 255 255
255 254 239 194 174 171 184 210 202 172 169 173 203 241 254 255
255 247 210 172 159 166 165 163 159 159 163 159 176 211 247 255
254 233 177 164 164 160 165 162 161 164 160 164 164 177 233 254
253 212 159 163 166 165 163 166 166 163 165 166 163 159 212 253
252 203 161 165 165 165 167 167 167 166 165 165 165 161 203 252
252 203 161 164 165 167 166 167 167 166 167 165 164 161 203 252
253 212 159 164 167 166 163 166 166 163 166 167 164 159 212 253
254 233 177 166 166 160 166 167 165 165 160 166 166 177 233 254
255 247 211 174 159 166 167 165 165 166 164 159 174 211 247 255
255 254 239 194 173 166 164 164 165 163 164 172 194 239 254 255
255 255 254 239 211 176 159 161 161 159 176 210 239 254 255 255
255 255 255 254 247 233 212 203 203 212 233 247 254 255 255 255
255 255 255 255 255 254 253 252 252 253 254 255 255 255 255 255
254 254 254 254 254 254 254 254 254 254 254 254 254 254 254 254
254 254 254 253 247 247 252 254 254 253 252 251 253 254 254 254
254 254 253 235 207 197 226 249 246 224 210 213 238 254 254 254
254 253 235 185 160 157 172 202 194 159 155 160 194 238 253 254
254 245 202 159 143 152 151 149 145 143 149 145 163 204 245 254
253 228 164 149 150 145 150 148 146 149 144 150 149 163 228 253
252 205 144 148 151 150 148 152 153 148 150 151 148 144 205 252
250 194 146 150 151 150 152 153 153 153 150 151 150 146 194 250
250 194 146 150 151 153 152 153 153 152 153 151 150 146 194 250
252 205 144 149 152 151 148 152 152 148 151 152 149 144 205 252
253 228 164 152 152 145 151 153 150 150 145 152 151 164 228 253
254 245 204 160 144 152 152 151 151 151 150 143 160 204 245 254
254 253 235 185 160 152 149 150 150 148 149 159 185 235 253 254
254 254 253 235 203 164 144 146 146 144 164 202 235 253 254 254
254 254 254 253 245 228 205 194 195 205 228 245 253 254 254 254
254 254 254 254 254 253 252 250 250 252 253 254 254 254 254 254
252 252 252 252 252 252 252 252 252 252 252 252 252 252 252 252
252 252 252 251 244 244 250 252 252 251 250 249 251 252 252 252
252 252 251 232 201 191 221 246 243 220 205 207 234 251 252 252
252 251 232 176 150 147 163 195 187 148 145 150 187 234 251 252
252 242 196 148 132 141 140 138 133 132 137 133 153 197 242 252
251 224 153 138 139 133 140 137 135 138 133 139 138 153 224 251
249 198 132 137 140 139 137 141 142 136 139 140 137 132 198 249
248 187 134 138 140 140 141 142 142 142 140 140 138 134 187 248
248 187 134 139 140 142 141 142 142 141 142 140 139 134 187 248
249 199 132 137 142 141 137 141 141 137 141 142 137 132 199 249
251 224 154 141 142 134 141 142 140 139 133 142 141 154 224 251
252 242 197 150 132 142 142 140 140 140 139 132 150 197 242 252
252 251 232 176 150 141 137 139 138 137 138 148 176 232 251 252
252 252 251 232 197 154 132 134 134 132 154 196 232 251 252 252
252 252 252 251 242 224 199 187 187 198 225 242 251 252 252 252
252 252 252 252 252 251 249 248 248 249 251 252 252 252 252 252

255 255 255 255 255 254 253 252 252 253 254 255 255 255 255 255
255 255 255 254 247 233 212 203 203 212 233 247 254 255 255 255
255 255 255 241 211 177 159 161 161 159 177 211 239 254 255 255
255 254 241 203 176 164 163 165 164 164 166 174 194 239 254 255
255 252 219 173 159 164 166 165 165 167 166 159 172 210 247 255
255 253 217 169 163 160 165 165 167 166 160 164 164 176 233 254
255 254 229 172 159 164 163 166 166 163 165 166 163 159 212 253
255 255 248 202 159 161 166 167 167 166 165 165 165 161 203 252
255 255 250 210 163 162 166 167 167 166 167 165 164 161 203 252
255 253 231 184 165 165 163 167 166 163 166 167 164 159 212 253
255 249 206 171 166 160 165 165 167 166 160 166 166 176 233 254
255 249 214 174 159 164 166 165 165 167 166 159 173 211 247 255
255 254 239 194 172 164 163 165 164 164 166 174 194 239 254 255
255 255 254 239 210 177 159 161 161 159 177 211 239 254 255 255
255 255 255 254 247 233 212 203 203 212 233 247 254 255 255 255
255 255 255 255 255 254 253 252 252 253 254 255 255 255 255 255
254 254 254 254 254 253 252 250 250 252 253 254 254 254 254 254
254 254 254 253 245 228 205 194 194 205 228 245 253 254 254 254
254 254 254 238 204 163 144 146 146 144 164 204 235 253 254 254
254 253 238 194 163 149 148 150 150 149 151 160 185 235 253 254
254 251 213 160 145 150 151 151 151 152 152 143 159 202 245 254
254 252 210 155 149 144 150 150 153 151 145 150 149 164 228 253
254 253 224 159 143 149 148 153 152 148 150 151 148 144 205 252
254 254 246 194 145 146 153 153 153 152 150 151 150 146 195 250
254 254 249 202 149 148 152 153 153 152 153 151 150 146 194 250
254 252 226 172 151 150 148 152 152 148 151 152 149 144 205 252
254 247 197 157 152 145 150 150 153 151 145 152 152 164 228 253
254 247 207 160 143 150 151 151 151 152 152 144 160 203 245 254
254 253 235 185 159 149 148 150 150 149 152 160 185 235 253 254
254 254 253 235 202 164 144 146 146 144 164 204 235 253 254 254
254 254 254 253 245 228 205 194 194 205 228 245 253 254 254 254
254 254 254 254 254 253 252 250 250 252 253 254 254 254 254 254
252 252 252 252 252 251 249 248 248 249 251 252 252 252 252 252
252 252 252 251 242 224 198 187 187 199 224 242 251 252 252 252
252 252 251 234 197 153 132 134 134 132 154 197 232 251 252 252
252 251 234 187 153 138 137 138 139 137 141 150 176 232 251 252
252 249 207 150 133 139 140 140 140 142 142 132 148 196 242 252
252 250 205 145 137 133 139 140 142 141 133 139 138 154 225 251
252 251 220 148 132 138 136 142 141 137 139 140 137 132 198 249
252 252 243 187 133 135 142 142 142 141 140 140 138 134 187 248
252 252 246 195 138 137 141 142 142 141 142 140 139 134 187 248
252 250 221 163 140 140 137 141 141 137 141 142 137 132 199 249
252 244 191 147 141 133 139 140 142 141 134 142 141 154 224 251
252 244 201 150 132 139 140 140 140 142 142 132 150 197 242 252
252 251 232 176 148 138 137 138 139 137 141 150 176 232 251 252
252 252 251 232 196 153 132 134 134 132 154 197 232 251 252 252
252 252 252 251 242 224 198 187 187 199 224 242 251 252 252 252
252 252 252 252 252 251 249 248 248 249 251 252 252 252 252 252

255 255 255 255 255 254 253 252 252 253 254 255 255 255 255 255
255 255 255 254 247 233 212 203 203 212 233 247 254 255 255 255
255 255 254 239 210 176 159 161 161 159 176 211 239 254 255 255
255 254 239 194 172 164 163 165 164 164 166 173 194 239 254 255
255 247 211 174 159 164 166 165 165 167 166 159 174 211 247 255
254 233 177 166 166 160 165 165 167 166 160 166 166 177 233 254
253 212 159 164 167 166 163 166 166 163 166 167 164 159 212 253
252 203 161 164 165 167 166 167 167 166 167 165 164 161 203 252
252 203 161 165 165 165 166 167 167 167 165 165 165 161 203 252
253 212 159 163 166 165 163 166 166 163 165 166 163 159 212 253
254 233 177 164 164 160 164 161 162 165 160 164 164 177 233 254
255 247 211 176 159 163 159 159 163 165 166 159 172 210 247 255
255 254 241 203 173 169 172 202 210 184 171 174 194 239 254 255
255 255 255 241 219 217 229 248 250 231 206 214 239 254 255 255
255 255 255 254 252 253 254 255 255 253 249 249 254 255 255 255
255 255 255 255 255 255 255 255 255 255 255 255 255 255 255 255
254 254 254 254 254 253 252 250 250 252 253 254 254 254 254 254
254 254 254 253 245 228 205 195 194 205 228 245 253 254 254 254
254 254 253 235 202 164 144 146 146 144 164 203 235 253 254 254
254 253 235 185 159 149 148 150 150 149 152 160 185 235 253 254
254 245 204 160 143 150 151 151 151 152 152 144 160 204 245 254
253 228 164 151 152 145 150 150 153 151 145 152 152 164 228 253
252 205 144 149 152 151 148 152 152 148 151 152 149 144 205 252
250 194 146 150 151 153 152 153 153 152 153 151 150 146 194 250
250 194 146 150 151 150 153 153 153 152 150 151 150 146 194 250
252 205 144 148 151 150 148 153 152 148 150 151 148 144 205 252
253 228 163 149 150 144 149 146 148 150 145 150 149 164 228 253
254 245 204 163 145 149 143 145 149 151 152 143 159 202 245 254
254 253 238 194 160 155 159 194 202 172 157 160 185 235 253 254
254 254 254 238 213 210 224 246 249 226 197 207 235 253 254 254
254 254 254 253 251 252 253 254 254 252 247 247 253 254 254 254
254 254 254 254 254 254 254 254 254 254 254 254 254 254 254 254
252 252 252 252 252 251 249 248 248 249 251 252 252 252 252 252
252 252 252 251 242 225 198 187 187 199 224 242 251 252 252 252
252 252 251 232 196 154 132 134 134 132 154 197 232 251 252 252
252 251 232 176 148 138 137 138 139 137 141 150 176 232 251 252
252 242 197 150 132 139 140 140 140 142 142 132 150 197 242 252
251 224 154 141 142 133 139 140 142 141 134 142 141 154 224 251
249 199 132 137 142 141 137 141 141 137 141 142 137 132 199 249
248 187 134 139 140 142 141 142 142 141 142 140 139 134 187 248
248 187 134 138 140 140 142 142 142 141 140 140 138 134 187 248
249 198 132 137 140 139 136 142 141 137 139 140 137 132 198 249
251 224 153 138 139 133 138 135 137 140 133 139 138 153 224 251
252 242 197 153 133 137 132 133 138 140 141 132 148 196 242 252
252 251 234 187 150 145 148 187 195 163 147 150 176 232 251 252
252 252 251 234 207 205 220 243 246 221 191 201 232 251 252 252
252 252 252 251 249 250 251 252 252 250 244 244 251 252 252 252
252 252 252 252 252 252 252 252 252 252 252 252 252 252 252 252
