255 255 255 255 255 255 255 255 255 255 255 255 255 255 255 255
255 255 255 255 255 255 255 255 255 255 255 255 255 255 255 255
255 255 255 255 255 255  90 126 126  90 255 255 255 255 255 255
255 255 255 255  90 255 255 255 255 255 255  90 255 255 255 255
255 255 255  90 255 255 255  90  90 255 255 255  90 255 255 255
255 255 255 255 255 255 255 255 255 255 255 255 255 255 255 255
255 255  90 255 255 255 144 255 255 119 255 255 255  90 255 255
255 255 126 255 255 255 255  90 104 255 255  90 234 126 255 255
255 255 126 255 255 255 255 104 104 255 255  90 254 126 255 255
255 255  90 255 255 255 255 255 255 255 255 255 255  90 255 255
255 255 255 255 255 255 255 255 255 255 255 255 255 255 255 255
255 255 255  90 255 255 255  96  95 255 255 255  90 255 255 255
255 255 255 255  90 255 255 255 255 255 255  90 255 255 255 255
255 255 255 255 255 255  90 126 126  90 255 255 255 255 255 255
255 255 255 255 255 255 255 255 255 255 255 255 255 255 255 255
255 255 255 255 255 255 255 255 255 255 255 255 255 255 255 255
254 254 254 254 254 254 254 254 254 254 254 254 254 254 254 254
254 254 254 254 254 254 254 254 254 254 254 254 254 254 254 254
254 254 254 254 254 254  64 105 105  64 254 254 254 254 254 254
254 254 254 254  64 254 254 254 254 254 254  64 254 254 254 254
254 254 254  64 254 254 254  64  64 254 254 254  64 254 254 254
254 254 254 254 254 254 254 254 254 254 254 254 254 254 254 254
254 254  64 254 254 254 126 254 254  97 254 254 254  64 254 254
254 254 105 254 254 254 254  64  80 254 254  64 230 105 254 254
254 254 105 254 254 254 254  80  80 254 254  64 253 105 254 254
254 254  64 254 254 254 254 254 254 254 254 254 254  64 254 254
254 254 254 254 254 254 254 254 254 254 254 254 254 254 254 254
254 254 254  64 254 254 254  70  70 254 254 254  64 254 254 254
254 254 254 254  64 254 254 254 254 254 254  64 254 254 254 254
254 254 254 254 254 254  64 105 105  64 254 254 254 254 254 254
254 254 254 254 254 254 254 254 254 254 254 254 254 254 254 254
254 254 254 254 254 254 254 254 254 254 254 254 254 254 254 254
252 252 252 252 252 252 252 252 252 252 252 252 252 252 252 252
252 252 252 252 252 252 252 252 252 252 252 252 252 252 252 252
252 252 252 252 252 252  45  94  94  45 252 252 252 252 252 252
252 252 252 252  45 252 252 252 252 252 252  45 252 252 252 252
252 252 252  45 252 252 252  45  45 252 252 252  45 252 252 252
252 252 252 252 252 252 252 252 252 252 252 252 252 252 252 252
252 252  45 252 252 252 120 252 252  85 252 252 252  45 252 252
252 252  94 252 252 252 252  45  67 252 252  45 227  94 252 252
252 252  94 252 252 252 252  67  67 252 252  45 251  94 252 252
252 252  45 252 252 252 252 252 252 252 252 252 252  45 252 252
252 252 252 252 252 252 252 252 252 252 252 252 252 252 252 252
252 252 252  45 252 252 252  54  53 252 252 252  45 252 252 252
252 252 252 252  45 252 252 252 252 252 252  45 252 252 252 252
252 252 252 252 252 252  45  94  94  45 252 252 252 252 252 252
252 252 252 252 252 252 252 252 252 252 252 252 252 252 252 252
252 252 252 252 252 252 252 252 252 252 252 252 252 252 252 252

255 255 255 255 255 255 255 254 254 255 255 255 255 255 255 255
255 255 255 255 251 242 234 229 229 234 242 251 255 255 255 255
255 255 254 245 224 211 210 207 206 210 211 224 245 254 255 255
255 255 245 217 206 217 233 216 210 231 223 213 217 245 255 255
255 251 224 213 218 202 230 225 222 240 240 239 213 224 251 255
255 242 211 223 230 204 215 240 249 252 248 240 223 211 242 255
255 234 210 233 240 236 208 209 227 248 252 243 236 211 234 255
254 229 207 212 221 246 215 171 183 230 249 231 226 210 229 254
254 229 207 212 221 247 214 168 181 230 249 231 226 210 229 254
255 234 210 233 241 245 214 208 227 248 252 243 236 211 234 255
255 242 211 223 240 240 233 246 253 252 248 240 223 211 242 255
255 251 224 213 239 240 244 241 241 244 240 239 213 224 251 255
255 255 245 217 213 223 236 230 231 236 223 213 217 245 255 255
255 255 254 245 224 211 211 213 213 211 211 224 245 254 255 255
255 255 255 255 251 242 234 229 229 234 242 251 255 255 255 255
255 255 255 255 255 255 255 254 254 255 255 255 255 255 255 255
254 254 254 254 254 254 253 253 253 253 254 254 254 254 254 254
254 254 254 254 250 239 229 224 224 229 239 250 254 254 254 254
254 254 253 242 218 204 202 198 198 202 204 218 242 253 254 254
254 254 242 211 197 211 229 209 203 227 218 206 211 242 254 254
254 250 218 206 211 194 224 220 216 236 237 236 206 218 250 254
254 239 204 218 226 195 207 236 247 251 246 237 218 204 239 254
253 229 202 229 237 233 200 201 222 246 251 240 233 203 229 253
253 224 198 204 215 244 208 158 171 225 247 226 221 202 224 253
253 224 198 204 215 244 207 154 169 225 247 226 221 202 224 253
253 229 202 229 238 243 206 199 221 246 251 240 233 203 229 253
254 239 204 218 237 237 229 244 252 251 246 237 218 204 239 254
254 250 218 206 236 237 242 238 239 241 237 236 206 218 250 254
254 254 242 211 206 218 232 226 227 233 218 206 211 242 254 254
254 254 253 242 218 204 204 206 206 204 204 218 242 253 254 254
254 254 254 254 250 239 229 224 224 229 239 250 254 254 254 254
254 254 254 254 254 254 253 253 253 253 254 254 254 254 254 254
252 252 252 252 252 252 251 251 251 251 252 252 252 252 252 252
252 252 252 252 247 236 225 219 219 225 236 247 252 252 252 252
252 252 251 239 213 197 195 191 191 195 197 213 239 251 252 252
252 252 239 205 190 204 225 203 196 222 213 201 205 239 252 252
252 247 213 200 205 187 220 215 211 233 234 233 201 213 247 252
252 236 197 213 222 188 202 233 245 249 243 234 213 197 236 252
251 225 195 225 233 229 194 195 218 243 248 237 229 197 225 251
251 219 191 198 209 241 202 148 162 221 244 221 216 196 219 251
251 219 191 198 209 241 201 143 160 221 245 221 216 196 219 251
251 225 195 225 234 240 200 193 217 243 249 237 229 197 225 251
252 236 197 213 234 234 225 241 250 249 243 234 213 197 236 252
252 247 213 201 233 234 239 235 235 239 234 233 201 213 247 252
252 252 239 205 201 213 229 221 222 228 213 201 205 239 252 252
252 252 251 239 213 197 197 199 199 197 197 213 239 251 252 252
252 252 252 252 247 236 225 219 219 225 236 247 252 252 252 252
252 252 252 252 252 252 251 251 251 251 252 252 252 252 252 252

255 255 255 255 255 255 255 254 254 255 255 255 255 255 255 255
255 255 255 255 251 242 234 229 229 234 242 251 255 255 255 255
255 255 254 245 224 211 211 210 210 211 211 224 245 254 255 255
255 255 245 217 213 223 236 226 226 236 223 213 217 245 255 255
255 251 224 213 239 240 243 231 231 243 240 239 213 224 251 255
255 242 211 223 240 248 252 249 249 252 248 240 223 211 242 255
255 234 210 231 240 252 248 230 230 248 252 244 236 211 234 255
254 229 206 210 222 249 227 183 181 227 253 241 231 213 229 254
254 229 207 216 225 240 209 171 168 208 246 241 230 213 229 254
255 234 210 233 230 215 208 215 214 214 233 244 236 211 234 255
255 242 211 217 202 204 236 246 247 245 240 240 223 211 242 255
255 251 224 206 218 230 240 221 221 241 240 239 213 224 251 255
255 255 245 217 213 223 233 212 212 233 223 213 217 245 255 255
255 255 254 245 224 211 210 207 207 210 211 224 245 254 255 255
255 255 255 255 251 242 234 229 229 234 242 251 255 255 255 255
255 255 255 255 255 255 255 254 254 255 255 255 255 255 255 255
254 254 254 254 254 254 253 253 253 253 254 254 254 254 254 254
254 254 254 254 250 239 229 224 224 229 239 250 254 254 254 254
254 254 253 242 218 204 203 202 202 203 204 218 242 253 254 254
254 254 242 211 206 218 233 221 221 233 218 206 211 242 254 254
254 250 218 206 236 237 240 226 226 240 237 236 206 218 250 254
254 239 204 218 237 246 251 247 247 251 246 237 218 204 239 254
253 229 202 227 236 251 246 225 225 246 251 241 233 204 229 253
253 224 198 203 216 247 222 171 169 221 252 239 227 206 224 253
253 224 198 209 220 236 201 158 154 199 244 238 226 206 224 253
253 229 202 229 224 207 200 208 207 206 229 242 232 204 229 253
254 239 204 211 194 195 233 244 244 243 237 237 218 204 239 254
254 250 218 197 211 226 237 215 215 238 237 236 206 218 250 254
254 254 242 211 206 218 229 204 204 229 218 206 211 242 254 254
254 254 253 242 218 204 202 198 198 202 204 218 242 253 254 254
254 254 254 254 250 239 229 224 224 229 239 250 254 254 254 254
254 254 254 254 254 254 253 253 253 253 254 254 254 254 254 254
252 252 252 252 252 252 251 251 251 251 252 252 252 252 252 252
252 252 252 252 247 236 225 219 219 225 236 247 252 252 252 252
252 252 251 239 213 197 197 196 196 197 197 213 239 251 252 252
252 252 239 205 201 213 229 216 216 229 213 201 205 239 252 252
252 247 213 201 233 234 237 221 221 237 234 233 201 213 247 252
252 236 197 213 234 243 248 244 245 249 243 234 213 197 236 252
251 225 195 222 233 249 243 221 221 243 249 239 228 197 225 251
251 219 191 196 211 245 218 162 160 217 250 235 222 199 219 251
251 219 191 203 215 233 195 148 143 193 241 235 221 199 219 251
251 225 195 225 220 202 194 202 201 200 225 239 229 197 225 251
252 236 197 204 187 188 229 241 241 240 234 234 213 197 236 252
252 247 213 190 205 222 233 209 209 234 234 233 201 213 247 252
252 252 239 205 200 213 225 198 198 225 213 201 205 239 252 252
252 252 251 239 213 197 195 191 191 195 197 213 239 251 252 252
252 252 252 252 247 236 225 219 219 225 236 247 252 252 252 252
252 252 252 252 252 252 251 251 251 251 252 252 252 252 252 252

255 255 255 255 255 255 255 254 254 255 255 255 255 255 255 255
255 255 255 255 251 242 234 229 229 234 242 251 255 255 255 255
255 255 254 245 224 211 211 213 213 211 211 224 245 254 255 255
255 255 245 217 213 223 236 231 230 236 223 213 217 245 255 255
255 251 224 213 239 240 244 241 241 244 240 239 213 224 251 255
255 242 211 223 240 248 252 253 246 233 240 240 223 211 242 255
255 234 211 236 243 252 248 227 208 214 245 241 233 210 234 255
254 229 210 226 231 249 230 181 168 214 247 221 212 207 229 254
254 229 210 226 231 249 230 183 171 215 246 221 212 207 229 254
255 234 211 236 243 252 248 227 209 208 236 240 233 210 234 255
255 242 211 223 240 248 252 249 240 215 204 230 223 211 242 255
255 251 224 213 239 240 240 222 225 230 202 218 213 224 251 255
255 255 245 217 213 223 231 210 216 233 217 206 217 245 255 255
255 255 254 245 224 211 210 206 207 210 211 224 245 254 255 255
255 255 255 255 251 242 234 229 229 234 242 251 255 255 255 255
255 255 255 255 255 255 255 254 254 255 255 255 255 255 255 255
254 254 254 254 254 254 253 253 253 253 254 254 254 254 254 254
254 254 254 254 250 239 229 224 224 229 239 250 254 254 254 254
254 254 253 242 218 204 204 206 206 204 204 218 242 253 254 254
254 254 242 211 206 218 233 227 226 232 218 206 211 242 254 254
254 250 218 206 236 237 241 239 238 242 237 236 206 218 250 254
254 239 204 218 237 246 251 252 244 229 237 237 218 204 239 254
253 229 203 233 240 251 246 221 199 206 243 238 229 202 229 253
253 224 202 221 226 247 225 169 154 207 244 215 204 198 224 253
253 224 202 221 226 247 225 171 158 208 244 215 204 198 224 253
253 229 203 233 240 251 246 222 201 200 233 237 229 202 229 253
254 239 204 218 237 246 251 247 236 207 195 226 218 204 239 254
254 250 218 206 236 237 236 216 220 224 194 211 206 218 250 254
254 254 242 211 206 218 227 203 209 229 211 197 211 242 254 254
254 254 253 242 218 204 202 198 198 202 204 218 242 253 254 254
254 254 254 254 250 239 229 224 224 229 239 250 254 254 254 254
254 254 254 254 254 254 253 253 253 253 254 254 254 254 254 254
252 252 252 252 252 252 251 251 251 251 252 252 252 252 252 252
252 252 252 252 247 236 225 219 219 225 236 247 252 252 252 252
252 252 251 239 213 197 197 199 199 197 197 213 239 251 252 252
252 252 239 205 201 213 228 222 221 229 213 201 205 239 252 252
252 247 213 201 233 234 239 235 235 239 234 233 201 213 247 252
252 236 197 213 234 243 249 250 241 225 234 234 213 197 236 252
251 225 197 229 237 249 243 217 193 200 240 234 225 195 225 251
251 219 196 216 221 245 221 160 143 201 241 209 198 191 219 251
251 219 196 216 221 244 221 162 148 202 241 209 198 191 219 251
251 225 197 229 237 248 243 218 195 194 229 233 225 195 225 251
252 236 197 213 234 243 249 245 233 202 188 222 213 197 236 252
252 247 213 201 233 234 233 211 215 220 187 205 200 213 247 252
252 252 239 205 201 213 222 196 203 225 204 190 205 239 252 252
252 252 251 239 213 197 195 191 191 195 197 213 239 251 252 252
252 252 252 252 247 236 225 219 219 225 236 247 252 252 252 252
252 252 252 252 252 252 251 251 251 251 252 252 252 252 252 252
